unpart_times: [-1.0, -1.0, -1.0, -1.0, -1.0, -1.0, -1.0, -1.0, -1.0, -1.0]
unpart_results: [-1.0, -1.0, -1.0, -1.0, -1.0, -1.0, -1.0, -1.0, -1.0, -1.0]
part_times: [0.147, 0.14100000000000001, 0.173, 0.237, 0.178, 0.17, 0.16499999999999998, 0.20299999999999999, 0.19, 0.159]
part_results: [63296.0, 62104.0, 62024.0, 64134.0, 61239.0, 64176.0, 64649.0, 64884.0, 64095.0, 62408.0]
time_change: [-1.0, -1.0, -1.0, -1.0, -1.0, -1.0, -1.0, -1.0, -1.0, -1.0]
result_change: [-1.0, -1.0, -1.0, -1.0, -1.0, -1.0, -1.0, -1.0, -1.0, -1.0]
