unpart_times: [-1.0, -1.0, -1.0, -1.0, -1.0, -1.0, -1.0, -1.0, -1.0, -1.0]
unpart_results: [-1.0, -1.0, -1.0, -1.0, -1.0, -1.0, -1.0, -1.0, -1.0, -1.0]
part_times: [0.181, 1.506, 0.151, 0.10999999999999999, 0.179, 0.11800000000000002, 0.359, 0.133, 0.11, 0.211]
part_results: [53216.0, 53419.0, 51057.0, 53206.0, 50531.0, 52882.0, 49801.0, 51116.0, 52247.0, 51100.0]
time_change: [-1.0, -1.0, -1.0, -1.0, -1.0, -1.0, -1.0, -1.0, -1.0, -1.0]
result_change: [-1.0, -1.0, -1.0, -1.0, -1.0, -1.0, -1.0, -1.0, -1.0, -1.0]
