unpart_times: [1567.329, 1619.709, 1505.494, 1430.906, 1002.735, 994.649, 1552.402, 2825.797, 1066.823, 1125.827]
unpart_results: [44886.0, 42427.0, 39615.0, 40163.0, 44036.0, 39513.0, 37810.0, 46379.0, 38054.0, 44700.0]
part_times: [0.11, 0.083, 0.117, 0.10400000000000001, 0.127, 0.12200000000000001, 0.392, 0.246, 0.14300000000000002, 0.089]
part_results: [49233.0, 46371.0, 44356.0, 43743.0, 46540.0, 42342.0, 43386.0, 46379.0, 41327.0, 45949.0]
time_change: [-1567.219, -1619.626, -1505.377, -1430.802, -1002.6080000000001, -994.527, -1552.01, -2825.551, -1066.68, -1125.738]
result_change: [4347.0, 3944.0, 4741.0, 3580.0, 2504.0, 2829.0, 5576.0, 0.0, 3273.0, 1249.0]
