unpart_times: [2.67, 2.626, 2.401, 2.387, 1.745, 1.68, 1.1, 2.074, 2.159, 2.979]
unpart_results: [29929.0, 31719.0, 29572.0, 33000.0, 33000.0, 31363.0, 33000.0, 30331.0, 31379.0, 29476.0]
part_times: [0.103, 0.128, 0.241, 0.11299999999999999, 0.076, 0.063, 0.08, 0.20700000000000002, 0.082, 0.127]
part_results: [29929.0, 31719.0, 29572.0, 33000.0, 33000.0, 31363.0, 33000.0, 30331.0, 33000.0, 29476.0]
time_change: [-2.5669999999999997, -2.4979999999999998, -2.1599999999999997, -2.274, -1.669, -1.617, -1.02, -1.8669999999999998, -2.077, -2.8520000000000003]
result_change: [0.0, 0.0, 0.0, 0.0, 0.0, 0.0, 0.0, 0.0, 1621.0, 0.0]
