unpart_times: [0.048, 0.054, 0.045, 0.048, 0.068, 0.055, 0.048, 0.056, 0.071, 0.068]
unpart_results: [24000.0, 20929.0, 20758.0, 24000.0, 21606.0, 23816.0, 16182.0, 23895.0, 24000.0, 18237.0]
part_times: [0.067, 0.060000000000000005, 0.076, 0.08, 0.055, 0.066, 0.09, 0.064, 0.077, 0.08399999999999999]
part_results: [24000.0, 20929.0, 20758.0, 24000.0, 23726.0, 24000.0, 19631.0, 24000.0, 24000.0, 19674.0]
time_change: [0.019000000000000003, 0.006000000000000005, 0.031, 0.032, -0.013000000000000005, 0.011000000000000003, 0.041999999999999996, 0.008, 0.006000000000000005, 0.015999999999999986]
result_change: [0.0, 0.0, 0.0, 0.0, 2120.0, 184.0, 3449.0, 105.0, 0.0, 1437.0]
