unpart_times: [14.015, 13.987, 14.832, 15.235, 16.413, 15.104, 15.411, 16.171, 17.121, 14.735]
unpart_results: [38386.0, 36366.0, 41829.0, 39806.0, 37990.0, 35632.0, 32142.0, 38144.0, 38575.0, 40297.0]
part_times: [0.059, 0.081, 0.07400000000000001, 0.07, 0.05399999999999999, 0.066, 0.052000000000000005, 0.079, 0.059000000000000004, 0.057]
part_results: [40581.0, 40844.0, 42100.0, 41742.0, 40097.0, 37023.0, 36723.0, 39108.0, 40154.0, 41495.0]
time_change: [-13.956000000000001, -13.906, -14.758000000000001, -15.165, -16.359, -15.037999999999998, -15.359, -16.092, -17.061999999999998, -14.677999999999999]
result_change: [2195.0, 4478.0, 271.0, 1936.0, 2107.0, 1391.0, 4581.0, 964.0, 1579.0, 1198.0]
