unpart_times: [0.44, 0.516, 0.436, 0.301, 0.369, 0.418, 0.281, 0.362, 0.362, 0.418]
unpart_results: [24231.0, 26863.0, 24154.0, 28274.0, 30000.0, 22362.0, 26549.0, 25989.0, 30000.0, 28608.0]
part_times: [0.10800000000000001, 0.17300000000000001, 0.10700000000000001, 0.09, 0.127, 0.09, 0.111, 0.08499999999999999, 0.076, 0.09]
part_results: [27195.0, 26863.0, 28474.0, 29076.0, 30000.0, 26169.0, 29356.0, 25989.0, 30000.0, 28608.0]
time_change: [-0.33199999999999996, -0.34299999999999997, -0.32899999999999996, -0.211, -0.242, -0.32799999999999996, -0.17000000000000004, -0.277, -0.286, -0.32799999999999996]
result_change: [2964.0, 0.0, 4320.0, 802.0, 0.0, 3807.0, 2807.0, 0.0, 0.0, 0.0]
