unpart_times: [0.414, 0.524, 0.365, 0.49, 0.42, 0.308, 0.32, 0.445, 0.423, 0.377]
unpart_results: [27022.0, 26856.0, 26892.0, 30000.0, 26091.0, 29969.0, 30000.0, 26807.0, 24461.0, 30000.0]
part_times: [0.091, 0.076, 0.112, 0.10200000000000001, 0.087, 0.101, 0.074, 0.075, 0.086, 0.087]
part_results: [27022.0, 26856.0, 26892.0, 30000.0, 26601.0, 30000.0, 30000.0, 30000.0, 26273.0, 30000.0]
time_change: [-0.32299999999999995, -0.448, -0.253, -0.388, -0.33299999999999996, -0.207, -0.246, -0.37, -0.33699999999999997, -0.29000000000000004]
result_change: [0.0, 0.0, 0.0, 0.0, 510.0, 31.0, 0.0, 3193.0, 1812.0, 0.0]
