unpart_times: [0.146, 0.094, 0.149, 0.138, 0.126, 0.096, 0.141, 0.143, 0.129, 0.146]
unpart_results: [23000.0, 23366.0, 17759.0, 23039.0, 24305.0, 24197.0, 20682.0, 26839.0, 24404.0, 27000.0]
part_times: [0.098, 0.10200000000000001, 0.099, 0.098, 0.088, 0.078, 0.105, 0.075, 0.082, 0.087]
part_results: [23000.0, 23366.0, 22472.0, 25710.0, 24305.0, 24197.0, 24099.0, 27000.0, 24404.0, 27000.0]
time_change: [-0.04799999999999999, 0.008000000000000007, -0.04999999999999999, -0.04000000000000001, -0.038000000000000006, -0.018000000000000002, -0.03599999999999999, -0.06799999999999999, -0.047, -0.059]
result_change: [0.0, 0.0, 4713.0, 2671.0, 0.0, 0.0, 3417.0, 161.0, 0.0, 0.0]
