unpart_times: [13.033, 18.366, 12.514, 10.362, 17.936, 18.957, 11.888, 14.671, 17.648, 7.052]
unpart_results: [33195.0, 34894.0, 33833.0, 33520.0, 36000.0, 36000.0, 36000.0, 33405.0, 32659.0, 36000.0]
part_times: [0.193, 0.11099999999999999, 0.067, 0.8290000000000001, 0.127, 0.16, 0.209, 0.22599999999999998, 0.275, 0.176]
part_results: [33195.0, 36000.0, 33833.0, 34999.0, 36000.0, 36000.0, 36000.0, 33405.0, 32659.0, 36000.0]
time_change: [-12.84, -18.255, -12.447, -9.533, -17.809, -18.797, -11.679, -14.445, -17.373, -6.8759999999999994]
result_change: [0.0, 1106.0, 0.0, 1479.0, 0.0, 0.0, 0.0, 0.0, 0.0, 0.0]
