unpart_times: [151.269, 168.26, 105.466, 99.464, 161.03, 77.583, 126.69, 110.961, 109.958, 132.65]
unpart_results: [36215.0, 36148.0, 35684.0, 36928.0, 37431.0, 35773.0, 36936.0, 39000.0, 38114.0, 36720.0]
part_times: [0.9730000000000001, 0.195, 0.7190000000000001, 0.226, 0.147, 0.147, 0.18, 5.519, 3.5109999999999997, 0.655]
part_results: [37739.0, 36148.0, 35753.0, 39000.0, 37431.0, 35773.0, 36936.0, 39000.0, 38114.0, 36720.0]
time_change: [-150.296, -168.065, -104.747, -99.238, -160.883, -77.43599999999999, -126.50999999999999, -105.442, -106.447, -131.995]
result_change: [1524.0, 0.0, 69.0, 2072.0, 0.0, 0.0, 0.0, 0.0, 0.0, 0.0]
