unpart_times: [0.08, 0.081, 0.085, 0.081, 0.077, 0.057, 0.062, 0.065, 0.066, 0.069]
unpart_results: [18197.0, 20284.0, 20845.0, 19705.0, 23222.0, 18594.0, 24000.0, 20050.0, 21805.0, 20096.0]
part_times: [0.096, 0.08299999999999999, 0.079, 0.061, 0.077, 0.07100000000000001, 0.08399999999999999, 0.078, 0.092, 0.083]
part_results: [21686.0, 20284.0, 20845.0, 19714.0, 24000.0, 21588.0, 24000.0, 20528.0, 21805.0, 20096.0]
