unpart_times: [-1.0, -1.0, -1.0, -1.0, -1.0, -1.0, -1.0, -1.0, -1.0, -1.0]
unpart_results: [-1.0, -1.0, -1.0, -1.0, -1.0, -1.0, -1.0, -1.0, -1.0, -1.0]
part_times: [0.12, 0.139, 0.096, 0.14500000000000002, 0.15999999999999998, 0.132, 0.3530000000000001, 0.3410000000000001, 9.985999999999999, 0.156]
part_results: [53947.0, 56497.0, 56336.0, 56505.0, 52889.0, 53055.0, 55719.0, 53545.0, 54111.0, 55945.0]
time_change: [-1.0, -1.0, -1.0, -1.0, -1.0, -1.0, -1.0, -1.0, -1.0, -1.0]
result_change: [-1.0, -1.0, -1.0, -1.0, -1.0, -1.0, -1.0, -1.0, -1.0, -1.0]
