unpart_times: [-1.0, -1.0, -1.0, -1.0, -1.0, -1.0, -1.0, -1.0, -1.0, -1.0]
unpart_results: [-1.0, -1.0, -1.0, -1.0, -1.0, -1.0, -1.0, -1.0, -1.0, -1.0]
part_times: [0.195, 11.273000000000001, 0.17500000000000002, 0.22199999999999998, 0.212, 0.275, 0.122, 0.211, 0.142, 0.228]
part_results: [59620.0, 57060.0, 54076.0, 57347.0, 55752.0, 55329.0, 56013.0, 58097.0, 56884.0, 57066.0]
time_change: [-1.0, -1.0, -1.0, -1.0, -1.0, -1.0, -1.0, -1.0, -1.0, -1.0]
result_change: [-1.0, -1.0, -1.0, -1.0, -1.0, -1.0, -1.0, -1.0, -1.0, -1.0]
