unpart_times: [131.371, 157.922, 149.384, 149.222, 145.645, 144.107, 150.005, 148.929, 143.819, 137.48]
unpart_results: [33796.0, 41288.0, 42670.0, 44954.0, 38340.0, 43718.0, 40294.0, 40270.0, 39447.0, 41888.0]
part_times: [0.096, 0.555, 0.141, 0.099, 0.10900000000000001, 0.119, 0.075, 0.49300000000000005, 0.08, 0.063]
part_results: [37897.0, 44474.0, 42670.0, 45062.0, 44186.0, 45166.0, 43885.0, 41885.0, 41469.0, 44298.0]
time_change: [-131.275, -157.367, -149.243, -149.12300000000002, -145.536, -143.988, -149.93, -148.436, -143.73899999999998, -137.417]
result_change: [4101.0, 3186.0, 0.0, 108.0, 5846.0, 1448.0, 3591.0, 1615.0, 2022.0, 2410.0]
